NULL,a.afzal@rochdaleassets.com,a.braxton@vinvest.com,a.clare@sorrel.com,a.j.johnson@johnsonandfinnemore.com,a.m.forex@fenchurchst.com,a.smith@fenchurchst.com,carlee.c@invensys.com,d.bristol@moma.com,j.amstell@bridgewater.com,j.freeman@sorrel.com,j.newbury@citadel.com,k.c.cooper@aspectcapital.com,l.lee@moma.com,larabourne@rochdaleassets.com,locke@rochdaleassets.com,m.atherton@scottishwidows.com,m.corrigan@jlb.com,m.grein@tibratrading.com,m.harding@vinvest.com,m.hen@aspectcapital.com,manimal@jlb.com,n.a.choudhury@oxam.org,n.ainsworth@vinvest.com,p.greyling@fenchurchst.com,rudyard.smithies@citadel.com,s.benson@bridgewater.com,s.chapman@jlb.com,s.hedgewick@janestreetcap.com,s.withers@oxam.org,sam.goldwing@sorrel.com,t.barton@knightcapital.com,tabby.dowd@janestreetcap.com,thistle@janestreetcap.com,u.abduallatif@janestreetcap.com,u.farooq@tibratrading.com,w.cromwell@aspectcapital.com,w.hastings@bridgewater.com,w.tuffnell@janestreetcap.com,warford.benson@tibratrading.com,zach@invensys.com
AAL.L,408,310,160,419,189,157,710,436,226,273,151,246,295,158,171,200,179,229,373,354,194,169,140,247,208,346,179,115,213,215,168,170,208,180,271,123,203,252,184,169
ABF.L,281,206,185,186,205,286,294,251,225,348,200,373,428,426,186,429,259,188,494,339,247,270,178,299,370,152,393,266,147,151,234,179,210,318,210,141,265,189,190,122
ADM.L,337,240,333,258,362,568,530,169,141,219,354,355,296,139,400,124,137,356,297,316,223,125,125,210,123,260,203,186,212,238,161,282,311,172,164,134,149,152,136,187
ADN.L,420,272,239,268,320,168,513,157,590,382,147,489,236,266,160,502,243,140,295,111,170,223,277,177,165,378,141,147,163,144,154,239,143,213,261,148,205,142,245,133
AGK.L,312,446,165,256,230,276,161,575,295,422,308,155,168,183,191,444,324,431,194,296,157,288,219,176,205,250,249,153,172,174,319,228,177,208,277,296,152,136,389,132
AHT.L,137,657,234,221,204,229,508,499,216,256,613,254,225,520,215,448,258,832,339,156,490,326,171,297,379,178,286,280,328,267,248,215,278,220,223,324,183,154,242,192
ANTO.L,302,508,212,283,306,611,299,224,235,284,147,254,389,154,331,260,144,418,182,357,217,223,400,423,405,328,249,317,199,174,191,268,158,177,177,452,205,164,179,149
ARM.L,528,198,599,386,428,388,584,431,222,194,396,498,209,287,413,244,235,373,412,892,294,666,271,401,227,321,311,411,449,294,259,315,213,199,435,262,373,520,203,207
AV.L,157,330,156,163,233,198,211,199,154,140,275,344,513,175,341,245,617,129,161,340,142,203,180,268,201,179,366,233,261,389,159,133,395,365,413,124,128,211,205,145
AZN.L,148,198,149,143,256,134,261,144,282,179,350,122,611,465,199,177,351,239,149,301,147,173,169,204,308,201,392,730,141,127,242,166,125,169,305,193,135,147,256,152
BA.L,299,970,276,275,875,229,285,479,324,207,194,180,360,533,363,379,222,223,205,216,410,283,194,253,190,389,324,267,220,193,270,320,342,539,232,218,206,227,214,208
BAB.L,480,258,322,450,619,443,447,576,227,276,318,457,213,397,617,268,218,753,402,234,952,188,337,1026,238,201,297,200,334,214,213,223,218,234,263,269,194,278,194,240
BARC.L,238,761,245,147,268,284,480,417,530,396,401,510,406,672,337,373,187,166,190,411,173,181,461,268,235,160,302,378,373,303,333,235,194,204,228,179,161,237,247,208
BATS.L,347,504,553,468,222,527,570,461,384,806,392,231,514,231,319,243,257,523,235,513,796,243,284,302,373,244,174,277,231,206,215,205,150,265,192,265,181,387,241,175
BDEV.L,259,159,253,223,595,267,260,230,198,148,437,171,134,106,430,241,172,293,156,155,215,553,169,328,128,280,276,151,359,212,164,140,275,163,159,153,256,162,128,173
BG.L,217,292,301,267,254,510,236,375,172,155,118,167,134,148,253,328,298,274,589,270,145,248,221,510,159,154,143,291,149,233,207,174,118,159,125,180,151,180,135,141
BLND.L,196,404,223,202,503,375,183,320,435,280,182,172,790,375,212,403,325,258,337,574,186,488,342,214,177,309,420,257,329,471,224,164,366,290,259,212,208,212,201,180
BLT.L,335,986,1137,290,390,422,523,241,218,412,322,487,264,348,683,676,504,500,634,367,271,319,266,474,277,196,250,261,280,597,196,299,298,289,343,227,211,235,214,231
BNZL.L,268,415,502,233,463,673,337,438,245,460,316,163,383,845,285,265,194,263,205,181,200,235,380,854,277,210,376,264,316,195,171,173,287,397,311,508,241,186,215,251
BP.L,182,329,295,272,427,262,243,425,223,449,329,141,126,356,165,263,270,284,326,541,212,140,256,213,156,247,388,176,257,150,170,249,284,338,215,175,257,214,169,126
BRBY.L,200,440,488,501,421,428,193,214,913,379,284,436,183,272,427,287,231,322,196,288,352,411,215,360,287,386,174,460,345,266,177,488,190,223,294,274,330,211,250,259
BT-A.L,327,554,652,171,204,565,233,410,582,501,301,276,160,215,310,652,285,388,435,283,168,923,383,302,248,230,205,383,211,430,287,224,211,385,167,367,325,200,235,177
CCH.L,584,169,332,396,378,381,155,268,196,243,218,336,336,269,489,188,395,255,444,268,204,298,511,366,299,304,221,339,214,240,493,147,635,352,221,275,153,253,474,147
CCL.L,225,460,222,538,755,288,203,261,464,499,261,550,358,252,429,246,1009,723,810,581,227,342,343,304,324,561,278,585,362,267,438,230,434,182,322,256,391,247,436,288
CNA.L,281,211,350,642,187,415,343,646,309,186,673,381,150,359,188,371,448,327,363,406,274,199,252,454,223,348,290,260,334,224,240,237,262,168,225,206,336,242,211,206
CPG.L,503,854,299,648,581,636,242,423,767,275,535,269,289,428,405,167,270,195,276,482,212,482,252,199,510,172,241,338,250,262,330,234,179,323,312,273,229,220,268,163
CPI.L,925,312,325,631,190,797,417,294,222,211,369,350,277,297,223,188,453,385,221,277,260,269,306,247,214,214,408,212,211,229,191,262,202,290,200,476,285,346,247,176
CRH.L,177,566,203,373,252,498,233,175,241,256,352,377,331,151,202,289,203,156,248,445,220,553,157,345,163,214,192,384,424,182,214,422,141,193,128,178,149,175,182,216
DC.L,94,451,90,149,340,197,92,391,200,250,181,111,256,158,170,129,225,178,229,277,138,107,637,220,155,88,83,202,100,114,176,113,176,103,145,151,162,187,101,121
DGE.L,319,1069,405,601,167,577,305,450,184,264,311,269,245,271,348,225,405,225,545,185,285,164,408,266,226,181,189,208,283,279,200,172,289,304,166,216,177,238,309,318
DLG.L,221,478,180,251,298,498,314,665,341,303,131,204,502,250,323,285,294,215,229,201,152,269,311,133,164,159,258,148,264,189,224,126,139,177,272,164,159,197,256,152
EXPN.L,358,376,213,351,435,376,424,784,783,372,196,821,615,522,292,326,240,311,408,270,220,662,186,648,208,294,189,213,225,286,416,492,503,209,332,223,203,362,263,197
EZJ.L,174,257,527,418,529,414,536,154,285,270,252,572,256,296,396,253,198,256,222,362,617,283,169,234,203,204,256,227,243,361,210,326,193,284,257,391,198,224,255,176
FLG.L,177,410,168,166,223,549,328,407,302,326,174,620,209,375,305,242,232,260,190,203,321,155,400,197,231,307,271,301,184,477,186,157,291,376,269,150,217,339,180,179
FRES.L,240,189,180,197,429,538,325,164,390,467,170,352,203,128,170,253,124,418,145,159,186,297,248,568,230,238,163,177,329,217,172,152,199,146,293,365,123,155,197,159
GFS.L,246,211,160,221,197,234,220,146,284,405,409,189,431,204,215,239,175,342,604,139,184,276,436,570,140,146,180,204,650,244,132,251,250,211,200,208,291,139,138,142
GKN.L,364,380,411,220,144,270,170,599,234,502,251,126,143,270,306,158,136,124,164,127,185,176,550,186,203,121,153,193,276,428,261,175,215,174,226,315,245,142,140,243
GLEN.L,168,370,571,235,638,218,292,358,384,166,125,252,222,135,451,140,420,289,259,189,131,176,210,200,291,349,221,184,192,599,134,137,219,187,166,189,205,165,203,143
GSK.L,158,216,309,225,114,246,178,148,226,136,321,194,325,302,324,175,151,299,201,138,439,220,128,234,248,263,200,243,241,131,154,191,221,208,104,336,179,159,117,205
HL.L,581,807,216,238,438,330,558,293,322,175,580,178,464,298,576,198,217,321,456,299,169,216,267,191,151,261,366,181,147,217,211,137,233,206,235,161,175,237,184,165
HMSO.L,685,143,177,187,260,139,154,480,267,796,150,520,297,475,262,429,196,196,281,277,336,178,186,230,213,159,233,163,207,268,135,252,157,694,147,198,163,201,169,157
HSBA.L,197,329,382,336,159,307,444,361,422,356,229,200,354,386,199,335,270,172,279,211,262,405,158,208,183,175,397,439,422,324,168,334,240,237,193,277,162,288,179,161
IAG.L,713,370,152,134,270,312,157,204,395,129,383,210,450,179,361,620,156,430,267,269,171,261,344,686,176,124,183,243,151,205,225,292,192,164,176,194,137,183,110,137
IHG.L,153,366,197,452,319,415,293,233,291,286,867,182,271,241,330,197,339,155,237,432,426,331,160,141,399,124,365,153,161,217,159,139,130,272,143,112,164,192,186,143
III.L,852,783,210,179,234,378,212,321,242,227,244,210,378,372,351,304,188,559,404,235,252,251,493,149,219,199,178,206,284,332,188,174,172,259,153,210,242,310,228,142
IMT.L,306,291,222,781,304,256,276,209,310,363,287,568,357,456,344,405,325,441,232,286,222,364,195,386,381,226,407,166,401,416,250,163,136,202,188,288,160,154,170,192
INTU.L,140,187,307,167,571,392,436,142,329,412,323,230,359,130,147,255,148,211,678,144,422,436,130,148,202,328,236,176,131,308,134,143,229,152,133,178,174,176,199,153
ITRK.L,362,239,309,505,190,307,244,187,215,246,301,401,239,236,362,199,132,185,178,179,170,446,179,157,199,208,617,142,270,182,654,132,521,548,256,184,137,161,135,194
ITV.L,642,379,390,335,475,448,655,187,187,184,662,272,363,184,217,273,154,188,455,283,231,330,355,385,290,170,177,168,217,197,226,451,192,189,140,191,171,156,207,224
JMAT.L,233,305,248,237,297,856,568,330,258,144,257,307,404,198,187,227,430,304,219,400,177,550,399,192,591,245,203,300,163,203,567,427,188,177,171,153,163,190,170,223
KGF.L,157,366,697,103,116,105,270,214,119,544,458,362,190,139,189,275,200,269,136,147,151,133,121,223,145,194,140,208,439,178,108,463,186,167,165,129,118,140,164,159
LAND.L,787,319,220,396,362,344,313,287,598,504,397,711,745,579,205,174,308,554,342,300,243,521,189,445,285,285,357,355,198,297,377,457,300,246,198,331,265,191,216,224
LGEN.L,193,410,309,243,411,186,447,196,524,494,230,283,368,169,474,188,250,198,201,689,272,198,531,459,498,295,423,146,279,464,633,238,414,188,165,175,201,345,165,182
LLOY.L,579,508,235,279,304,336,550,215,241,547,250,708,173,370,232,332,433,216,661,410,205,341,311,473,233,186,196,564,224,267,180,222,199,219,186,326,249,181,159,172
LSE.L,611,311,255,611,674,559,619,197,261,154,415,175,226,336,177,444,632,205,317,466,289,191,329,151,384,158,273,384,174,633,350,189,265,178,244,157,180,209,222,176
MGGT.L,253,200,224,426,390,682,302,256,222,498,389,368,350,182,244,1081,268,354,152,515,257,171,845,216,187,439,172,330,262,206,180,316,210,683,179,294,192,171,138,226
MKS.L,441,728,332,661,243,192,161,186,230,627,268,495,485,277,287,266,471,158,275,373,556,194,167,211,272,204,350,182,245,324,317,337,273,178,175,187,247,353,225,147
MNDI.L,404,242,258,295,314,559,549,165,480,359,372,442,424,229,256,210,151,430,308,434,343,224,173,170,249,179,397,200,319,216,219,540,170,285,242,161,347,165,279,203
MRW.L,433,403,237,921,251,659,446,1009,214,242,372,238,393,169,486,191,257,551,256,239,357,155,217,315,220,365,238,273,205,226,484,357,182,186,189,222,193,203,296,239
NG.L,393,200,191,206,271,205,129,524,205,124,142,171,176,410,611,159,269,172,124,137,190,111,130,116,199,201,225,215,136,157,101,156,156,365,102,216,125,153,113,136
NXT.L,186,310,333,316,149,431,220,415,253,563,511,185,396,295,157,314,218,189,493,261,248,452,544,285,165,277,252,364,160,600,357,226,199,371,190,166,150,242,342,163
OML.L,490,374,246,351,729,227,324,396,428,330,175,198,231,235,466,382,558,372,318,236,938,190,203,200,317,303,354,328,209,271,263,409,205,202,194,268,224,248,233,183
PRU.L,408,218,499,238,500,260,666,583,283,260,369,292,358,194,186,302,238,498,287,232,322,193,374,273,445,163,467,230,214,178,201,205,278,284,384,183,254,358,197,153
PSN.L,281,224,591,457,184,346,319,261,145,655,323,237,268,306,134,415,173,204,231,363,380,356,208,208,232,179,172,224,198,338,154,409,147,282,182,172,157,197,147,251
PSON.L,502,225,507,126,809,177,142,239,211,254,553,342,190,206,133,179,205,418,282,262,144,194,215,187,147,321,238,118,184,228,158,124,167,124,157,209,130,208,191,164
RB.L,272,425,241,200,227,804,393,207,427,255,190,180,343,161,426,256,616,273,261,207,309,417,233,387,364,213,586,255,491,317,245,215,224,174,169,314,172,318,170,294
RBS.L,471,333,513,203,232,401,369,273,284,272,262,352,289,421,228,179,263,196,775,205,233,369,674,238,186,266,253,160,295,457,279,337,369,150,194,243,311,168,263,170
RDSA.L,197,253,161,386,201,243,151,302,338,161,354,513,694,225,392,246,459,338,274,299,136,158,219,166,258,346,154,183,213,234,244,168,258,139,145,170,186,125,168,137
RDSB.L,213,274,230,327,166,325,453,645,444,380,596,335,583,181,232,461,199,224,235,194,215,685,252,232,164,242,235,408,215,313,170,161,239,166,165,226,309,299,176,169
REL.L,321,175,555,324,838,172,234,535,336,290,268,146,433,179,358,408,257,347,440,155,140,364,168,200,260,167,212,228,504,211,332,183,153,238,193,211,298,299,145,292
RIO.L,242,892,288,501,563,312,311,614,374,340,432,277,429,976,845,347,213,427,295,253,420,413,352,295,319,286,769,453,355,426,303,227,314,303,233,306,519,377,219,221
RMG.L,487,420,620,289,249,434,210,361,223,577,299,380,399,445,349,334,176,345,267,350,382,458,238,247,169,244,238,353,632,490,169,275,192,255,338,195,213,311,200,223
RR.L,365,386,251,216,263,631,338,614,212,187,193,197,206,523,324,475,465,205,588,706,400,322,526,188,227,427,255,289,143,169,224,176,243,276,392,202,177,156,177,166
RRS.L,142,128,419,153,329,516,348,148,114,176,134,161,314,156,281,185,196,299,148,161,131,229,189,544,190,123,136,211,225,162,336,295,382,284,157,332,131,226,158,123
RSA.L,525,279,574,258,178,281,287,247,559,409,244,356,638,445,175,246,505,520,391,357,481,221,305,280,243,253,243,183,314,172,203,412,494,188,253,303,198,292,285,169
SAB.L,331,132,330,111,194,466,178,119,124,366,144,321,140,256,245,176,104,406,409,387,281,226,188,189,360,129,232,341,159,187,176,191,171,118,172,140,170,152,194,170
SBRY.L,169,226,912,448,331,682,380,142,176,316,191,468,443,149,204,327,244,207,279,285,252,244,214,268,387,359,282,140,162,280,171,323,260,236,322,154,245,175,271,128
SDR.L,228,333,465,265,350,346,484,368,420,222,443,175,340,165,304,174,245,341,144,755,186,165,231,176,401,235,215,265,183,148,206,242,121,209,147,182,213,149,123,154
SGE.L,463,383,207,166,254,326,281,365,306,237,203,311,529,300,171,295,379,250,438,367,503,254,184,516,153,253,407,243,181,417,270,363,467,187,202,164,181,226,242,284
SHP.L,320,259,630,468,179,246,221,238,240,633,822,202,336,139,283,345,161,545,565,213,281,268,325,250,179,158,235,293,204,254,339,393,148,260,210,175,169,288,208,169
SKY.L,225,283,447,289,319,282,248,562,255,375,293,314,272,157,483,211,217,322,168,347,739,264,344,379,204,235,159,319,172,239,283,157,258,188,361,150,168,131,233,177
SL.L,680,174,542,1047,496,335,145,247,498,375,267,166,331,161,192,133,271,146,283,190,332,491,326,145,176,213,229,196,236,323,147,185,215,277,239,225,210,157,172,144
SMIN.L,113,130,234,118,106,363,117,364,449,224,432,219,108,200,282,148,125,216,295,213,226,115,129,164,121,408,174,140,167,148,174,206,230,140,110,88,108,235,120,254
SN.L,508,828,430,412,214,261,420,236,286,840,246,396,344,205,257,226,274,724,526,587,381,616,356,299,274,430,215,397,215,487,518,372,543,302,215,314,220,207,324,260
SPD.L,118,306,146,373,246,289,568,111,286,115,363,308,101,168,311,185,212,188,348,212,160,302,140,162,156,139,391,125,244,118,114,139,198,115,135,197,139,161,140,116
SSE.L,446,374,800,198,336,193,227,183,409,438,261,1127,293,425,500,186,174,244,285,512,646,469,515,571,238,236,204,285,298,196,597,253,242,254,177,227,340,253,196,154
STAN.L,191,164,403,258,191,266,514,128,277,216,221,114,180,320,149,600,273,623,143,309,185,273,329,417,126,175,411,303,140,308,257,194,247,219,121,266,268,193,132,153
STJ.L,153,125,294,156,625,288,347,514,276,462,296,219,199,250,313,236,181,170,751,150,355,388,184,142,177,286,271,281,176,169,261,177,216,151,163,165,140,167,160,156
SVT.L,560,424,354,271,223,531,166,450,194,242,172,152,167,191,199,270,435,184,280,306,523,234,152,234,392,255,251,275,212,177,254,260,237,244,259,290,204,129,157,125
TLW.L,691,334,409,380,338,237,152,210,228,439,672,301,238,192,380,232,298,218,441,468,253,164,472,326,228,527,184,273,197,159,149,190,166,280,285,368,188,171,166,178
TPK.L,290,384,216,171,628,313,379,227,213,222,136,353,234,307,218,497,151,157,385,164,197,211,217,339,411,133,115,220,233,138,271,173,119,153,145,156,321,301,118,137
TSCO.L,588,387,264,221,490,229,862,237,568,550,183,238,291,498,310,238,301,609,308,267,201,212,371,181,599,421,289,339,362,503,499,336,202,178,244,339,208,202,217,252
TUI.L,278,373,429,557,256,147,202,457,262,266,142,218,245,247,519,442,219,217,573,146,769,197,251,185,164,193,339,152,250,428,159,233,184,154,283,267,160,173,228,191
TUIJ.L,206,564,328,194,383,461,341,571,194,164,430,258,171,293,287,345,349,222,306,175,150,176,559,149,223,189,196,234,228,252,255,472,160,187,242,263,168,192,178,205